((Golden_Mol:155.673782,Red_River:154.326218):4.257894,(Aardvark:145.141327,
African_El:168.858673):3.390268,(Collared_a:147.386536,(Grey_Kanga:146.800003,
Elephant_S:161.199997):9.631905):4.711679);