((Golden_Mol:0.118188,Red_River:0.116918):0.003841,(Aardvark:0.108637,
African_El:0.130041):0.003100,(Collared_a:0.110687,(Grey_Kanga:0.110186,
Elephant_S:0.123141):0.008748):0.004254);